ID|Product|Weight|Unit|74451|74452|74453|74454|74456|74457|74458|74459|74460|74461|74462|74464|74465|74466|74467|74469|74470|74471|74473|74474|74475|74476|74477|74478|74479|74480|74482|74483|74484|74485|74486|74488|74489|74490|74491|74492|74494|74496|74497|74498|74499|74500|74493|Total|
1|Goold Marie - 02/24/2013|.08|60||6|12||12|15|15|||15||12|60|12|12||||30||6|6|6|12|6|||6||6|6|12|15||18|6|||||12|6|15|339
2|Chocolate Cream - 08/14/2013|.1|50||6||||||12|||||50|6|||12||12|6|6||6|||6|12||6|6|6|6|15|6||6|6||6|||||197
3|Cream Cracker - 02/24/2013|.125|48|6||6|6|||48||||6|12||15|6|6|6|6|12|12||3|6|6||12|||6|3|6||12||6|6|||6|6||||225
4|Cream Cracker - 02/24/2013|.19|40|||||||40||||6|||15||||6|12|6|||6|6||12||||3|3|6|6||6||||3|6|6|||148
5|Cream Cracker - 06/29/2013|.33|8||||||||||||||||||||4|2||||||||8||3|||||||||||||17
6|Cream Cracker - 02/24/2013|.5|8|||||4||8|||16|3||||||||8|4|2|4|3||4||8||8||||8||8||||2|4|2||4|100
7|Lemon puff - 06/29/2013|.1|30|6||3||||||||||||||||||||3|||6||||3||||||||||||||21
8|Lemon Puff - 05/13/2013|.2|30|3||3||||||6||||||||||6||||3|||6||||3|4|6|6||||3|||||||49
9|Chocolate Puff - 12/26/2013|.1|30|6|3|||||||||6||||||||6||||3|||12||||||||||||||||||36
10|Chocolate Puff - 12/26/2013|.2|30|||||||||||3||||||3||6|||3||||12|||3||||3|||||||||||33
11|Sorties - 02/24/2013|.065|60||||||||||25|||||12||||||||6|||12|||||4|12||||||||||||71
12|Nice - 07/03/2013|.1|50||||||||||||||||||||||||||6|||6||||6||||6||||6|||30
13|Hawaiian Cookies - 06/29/2013|.1|30||||||||||||3|||6||||||||||||||3||2|||||||||||||14
14|Hawaiian Cookies - 06/29/2013|.2|24|||||||||||||||||||||||||||||3||2|||||||||||||5
15|Bran Cracker - 06/29/2013|.21|24|||||||||||||||||||||||||||||6|||||||||||||||6
16|Chocolate Cream - 02/24/2013|.5|4||4|||||||||||8||||||4|4|||||||||||||8|||||4||||||32
17|Custard Cream - 02/24/2013|.1|50||6||||||||15|6|12|||||||||||3||||6||||||||6|||||12||||66
18|Orange Cream - 03/31/2013|.1|50|||||||||||||||||||||||3||||6||||||||6|||||||||15
19|Chickbit - 05/13/2013|.03|60||10||10|||||||||||||||10||||||||||||||10||||||10|||||50
20|Gingernut - 06/29/2013|.08|50||||||||||12|||12||6|||||||||||||||||||||||||||||30
21|Millk Short Cake - 06/29/2013|.08|50||||||||||||||||||||||||||6||||||||||||||6||||12
22|Snackers-Cheese & Chille - 06/29/2013|.04|40|||||||||||10||||||||10|||||||||||||||||||||||||20
23|Snackers- Masala - 06/29/2013|.04|40|||||||10|||||||||||||||||||||||||||||||||||||10
24|Custard Cream - 07/03/2013|.5|4|||||||||||||||||||||||||||||||||||4|||||||||4
25|Orenge Cream - 07/03/2013|.5|4||||||||||||||||||||||||||||||||||||||||4||||4
26|Sorties - 07/03/2013|.325|4|||||||||||||||||||4||2||4||||||||||8|||||4|||4|4||30
27|Kisco Bite - 07/03/2013|.03|60||||||||||10|||||||||||||||||||||||10|||||||||||20
28|Light Marie - 02/24/2013|.07|60|||12||||||||||||||||||||12|||6||||||||||||||12||||42
29|Light Marie - 02/24/2013|.28|6|||||||||||||||||||6|||||||||||||||||||||||||6
30|Wafers-chocolate - 07/31/2013|.1|20|||||||||||3||||||||||||3||||||||||12||||||3|6||||27
31|Waferes Chocolat - 11/11/2013|.25|8|||||||||||||||||||4|||||||3|||||||4|||||||||||11
32|Wafers-vanila - 07/31/2013|.1|20|||||||||||3||||||||||||3||||||||||12||||||3|6||||27
33|Wefers vanila - 11/11/2013|.25|8|||||||||||||||||||4|||||||3|||||||4|||||||||||11
34|Spicy Cracker - 03/30/2013|.075|30|||||||6|||||||||||||||||||||||||||||||||||||6
35|Chocolate Cream Marie - 02/24/2013|.065|24||||||||||||||||||||||||||||||||||||||||12||||12
36|Double Cream - Strawbery - 12/26/2013|.11|50||||||||||8|||||||||6||||3||||6|||||||||||||||||23
37|Double Cream- Chocolate - 12/26/2013|.11|50||||||||||8|||||||||6||||3|||6|6|||||||||||||||||29
|   Date : 02/11/14   Veh : 28 -  8897 Wan